2018-05-31 09:53:23.098 INFO: 登录成功
2018-05-31 09:53:35.757 INFO: ===============================================
2018-05-31 09:53:50.274 INFO: 保存成功！
2018-05-31 09:53:57.546 INFO: 区域代理新增成功，查询详情也正常
2018-05-31 09:54:17.491 INFO: 关闭业务操作成功
2018-05-31 09:54:39.762 INFO: 出租车业务下的城市编辑成功
2018-05-31 09:54:49.223 INFO: 抽成编辑成功
2018-05-31 09:54:52.381 INFO: ===============================================
2018-05-31 09:55:04.221 INFO: 保存成功！
2018-05-31 09:55:09.554 INFO: 企业新增成功，查询详情也正常
2018-05-31 09:55:29.800 INFO: 关闭业务操作成功
2018-05-31 09:55:52.067 INFO: 出租车业务下的城市编辑成功
2018-05-31 09:56:01.496 INFO: 抽成编辑成功
2018-05-31 09:56:04.641 INFO: ===============================================
2018-05-31 09:56:30.178 INFO: 新增成功
2018-05-31 09:56:42.987 INFO: 出租车新增成功,车牌号：闽A5175
2018-05-31 09:56:52.484 INFO: 出租车详情查看成功
2018-05-31 09:57:21.999 INFO: 修改成功
2018-05-31 09:57:31.171 INFO: ===============================================
2018-05-31 09:58:08.968 INFO: 祁奇司机和闽A5175车辆已绑定，已发送短信告知该司机。司机登录手机号，即可出车接单绑定车辆成功
